1028954284157808641
1028954283822260225
1028954290893799428
1028954291900489728
1028954309004685312
1028954309919158272
1028954312234422273
1028954314490798080
1028954314998509570
1028954317913436166
1028954321864601600
1028954325618372608
1028954334380220417
1028954335898750976
1028954343356223488
1028954352873033728
1028954356572250112
1028954361702035458
1028954390441484288
1028954392475693056
1028954393582874625
1028954403129184256
1028954412683812866
1028954423580667904
1028954429284790272
1028954434259144704
1028954440613720064
1028954448717131777
1028954459110555649
1028954467524177920
1028954474805710849
1028954474977447936
1028954475610791938
1028954494133043200
1028954497341480960
1028954504215969792
1028954507529658368
1028954511765917696
1028954534809354241
1028954542497562624
1028954547207598081
1028954548340174848
1028954564634931200
1028954566979665920
1028954568875536385
1028954582720737281
1028954590123839489
1028954592980217856
1028954593764552704
1028954599858819072
1028954603520512000
1028954621878980608
1028954621614612480
1028954622847852544
1028954635443171328
1028954635816464384
1028954636781154305
1028954648491839489
1028954651952078848
1028954652832882688
1028954656398077953
1028954657123696640
1028954680934719488
1028954696256380928
1028954726824464384
1028954729529765890
1028954737675251712
1028954742255321088
1028954745891966976
1028954751029923840
1028954754519511040
1028954779928748038
1028954782457909250
1028954787302264833
1028954799323078657
1028954806512222209
1028954807275479041
1028954810781814784
1028954811511844864
1028954813701283840
1028954828905623552
1028954829836693504
1028954836304359424
1028954849088614400
1028954855006724098
1028954856432660482
1028954868445339648
1028954870626349056
1028954873247793152
1028954873541185536
1028954876875821056
1028954882907168770
1028954895095803905
1028954920924471296
1028954925513011200
1028954926209089536
1028954926762745856
1028954934690177024
1028954944672591873
1028954948048957441
1028954954491420673
1028954957872091137
1028954971486806016
1028954980114255872
1028954982119174145
1028954984614948864
1028954985793499136
1028954990524723201
1028954995469811713
1028955000125321217
1028955005829574657
1028955006781644800
1028955007805087744
1028955009734594560
1028955013354151937
1028955014650318848
1028955021692600320
1028955021650677760
1028955033147064321
1028955033264644097
1028955037563867136
1028955049811005442
1028955067611787264
1028955087933267968
1028955101053034496
1028955101870915584
1028955106992168961
1028955114290257920
1028955116076843008
1028955122892558336
1028955123572240384
1028955134175395840
1028955136478064641
1028955143956561920
1028955148817707008
1028955154274508800
1028955158976376832
1028955173127946240
1028955174851817472
1028955176084889601
1028955186377703424
1028955189468966915
1028955191729704960
1028955192396591105
1028955204119678976
1028955204002177024
1028955212831182850
1028955215830175744
1028955219605037056
1028955223870582785
1067248021249957888
1067248022151553024
1067248024685027329
1067248024785690624
1067248024651526144
1067248026245320705
1067248026547380225
1067248027377655808
1067248027767758848
1067248028036132865
1067248028271157258
1067248028157915136
1067248028434735104
1067248030351585280
1067248030695473152
1067248030733271040
1067248031404367872
1067248032096374785
1067248032469659649
1067248033572839424
1067248033845391361
1067248033937580033
1067248033971216384
981117605141532673
981117608325013504
981117614347948033
981117614876516353
981117615929049089
981117616122204160
981117617409810432
981117619754315776
981117622191296512
981117628424118272
981117633205477376
981117637768941568
981117639421579264
981117642001076224
981117653640151040
981117669247148032
981117669893115904
981117681033236480
981117681733722112
981117681502957569
981117685156126722
981117695922929664
981117698145955840
981117708921200640
981117711366443008
981117713551642624
981117723819364352
981117730865676288
981117733742850053
981117742878281728
981117749970767872
981117755599581184
981117755914182656
981117762964721665
981117771344785408
981117773739954176
981117778865377280
981117779385507840
981117785601318913
981117786889039873
981117798784159744
981117801564848128
981117808040755201
981117810414948352
981117811488624640
981117813640302592
981117814026022913
981117820317589504
981117822985060352
981117824226689024
981117830518145024
981117833772875776
981117851925925888
981117859752374273
981117865003749376
981117868187242496
981117873526632448
981117888806363136
981117889314021376
981117892065284097
981117893373919232
981117904329601029
981117905894019072
981117907471077376
981117909937385473
981117918586048512
981117923178827777
981117924353236992
981117925384912896
981117932565561344
981117937741434880
981117945660178433
981117946037665792
981117948269092864
981117952509599745
981117952815661057
981117971375542273
981117973690712065
981117976739893248
981117993911451649
981118010638389248
981118014702735360
981118015944065024
981118025054244864
981118032415207424
981118036110462976
981118056423243777
981118071388569601
981118079399813121
981118098085355520
981118103315611648
981118111347855360
981118113419792385
981118121057669121
981118124874522624
981118150572957697
981118156411346944
981118157627772928
981118159385169921
981118162342109185
981118163768115201
981118165710237696
981118166859436032
951215005457793024
951215009073418240
951215016073678848
951215019580100609
951215022113476609
951215033249357825
951215037397524480
951215037531615232
951215039498858496
951215043617714177
951215049821048832
951215051741970432
951215061783085056
951215062080876547
951215067525271554
951215068804415489
951215069421035525
951215069613973504
951215072172535810
951215073242034177
951215084969316352
951215086806470656
951215086705762304
951215088307851265
951215093999656961
951215095111135232
951215096696594433
951215098315485184
951215100417007616
951215105772892160
951215106783875074
951215109510111232
951215111175208960
951215117940809734
951215120876752896
951215121703030785
951215124420837376
951215126044205056
951215133220655106
951215135044993024
951215137892937729
951215139059052544
951215146449489920
951215148739391488
951215153730768896
951215160173228032
951215166041088001
951215168419110912
951215168599412736
951215183254425600
951215186672697344
951215188157648896
951215187633287168
951215189701009409
951215188807622658
951215190783049728
951215203189952512
951215204813111297
951215205849038848
951215211322757121
951215213000486913
951215215017803776
951215215751909377
951215218096574466
951215219845554177
951215235716718593
951215236614275073
951215238128504841
951215244612796417
951215247385333760
951215249251856386
951215250866692097
951215252703711232
951215253282582528
951215255333494784
951215257317294080
951215258953289730
951215261947973633
951215270764433408
951215270676250624
951215274488934401
951215275986300928
951215284064432128
951215284961996800
951215292260278274
951215299734462464
951215304515911680
951215304985673728
951215305413578757
951215305761673217
951215306218852352
951215308026638343
951215311419781120
951215311285469184
951215315651710977
951215316897554432
951215317501521920
951215320831811584
951215323474268161
951215324073943040
951215326296866816
951215336891867136
951215338409963520
951215341023178753
951215341983748098
951215342566559744
951215349487284226
951215352842739712
951215363043315712
951215365920407552
951215369473073152
951215367984222208
951215372375486464
951215376339292170
951215377559834624
951215377433862144
951215381716389889
951215389731704833
951215398405525504
951215399701565441
951215401689432064
951215402662682624
951215403421831174
963255852500180993
963255868308402177
963255884473356288
963255895932178434
963255906292117504
963255924608598017
963255945294999552
963255951695450113
963255955541626882
963255983928692737
963256008880484354
963256026072952834
963256040388050944
963256048466448384
963256060344700928
963256064652144640
963256070977347584
963256075079376896
963256080339013633
963256091080617985
963256110667968513
963256111469121543
963256136001605632
963256148169281536
963256154334703616
963256162173923328
963256171770580992
963256178825363456
963256201730560005
963256205731799041
963256209959665664
963256212178591749
963256220508303360
963256221422772227
963256222035140615
963256224371355649
963256242327060480
963256251491627008
963256255941812224
963256260144521216
963256261683892224
963256267081854977
963256280377970690
963256281690755073
963256283158720512
963256286459645952
963256286983938049
963256287512363008
963256288296816640
963256301827469312
963256302200745984
963256309263970305
963256332156456960
963256336833159169
963256338380832768
963256366201802752
963256380151877633
963256388658126849
963256392055365632
963256393036840960
963256411718221825
963256416692768768
963256422413647872
963256428491309056
963256434048815104
963256466730778624
963256480718766082
963256484124491776
963256485168992257
963256489837301760
963256493356220416
963256495247773696
963256507587579905
963256507876958208
963256528617820161
963256539086770179
963256553016045569
963256555809529858
963256560519663616
963256571160440832
963256588747362304
963256595768524800
963256643201908736
963256651863085057
963256694191964160
963256696444420098
963256703071354880
963256715973185536
963256719257186307
963256723216592896
963256732771221504
963256764761288705
963256772294307841
963256778619109376
963256779047137285
963256785133023233
963256792473055232
963256813801099264
963256824114962434
963256835154128896
963256842158616577
963256842498359296
963256847041007616
963256848068509696
963256872399761408
963256878535933952
963256881652387840
963256885754253312
963256885947269120
963256887494967296
963256891626414080
963256897015967745
963256916141998080
963256943589634048
963256933275746305
963256964049457152
963256968948445186
963256980948254720
963256990133903361
963256990196670465
981117889314021376
981117892065284097
981117893373919232
981117904329601029
981117905894019072
981117907471077376
981117909937385473
981117918586048512
981117923178827777
981117924353236992
981117925384912896
981117932565561344
981117937741434880
981117945660178433
981117946037665792
981117948269092864
981117952509599745
981117952815661057
981117971375542273
981117973690712065
981117976739893248
981117993911451649
981118010638389248
981118014702735360
981118015944065024
981118025054244864
981118032415207424
981118036110462976
981118056423243777
981118071388569601
981118079399813121
981118098085355520
981118103315611648
981118111347855360
981118113419792385
981118121057669121
981118124874522624
981118150572957697
981118156411346944
981118157627772928
981118159385169921
981118162342109185
981118163768115201
981118165710237696
981118166859436032
981118200086753280
981118210769670144
981118219690872832
981118226905092096
981118236740726784
981118241580945408
981118246924496896
981118257905139714
981118278365057024
981118305309208576
981118321708883968
981118322644307968
981118326431735808
981118303027437569
981118353619251200
981118357217845248
981118366147629056
981118368156651520
981118373399494656
981118385143545857
981118387337224192
981118388180258816
981118389396627457
981118397957181440
981118400125599750
981118408954728448
981118413765513217
981118416248557568
981118419532738560
981118422082834432
981118410238013440
981118424951721984
981118449249390592
981118453116481536
981118484670132226
981118488558428161
981118493117607941
981118504756764673
981118523144654848
981118526600593408
981118527619981312
981118533152145408
981118535459004416
951222367086432256
951222371251310592
951222373491060736
951222375063801856
951222378192887808
951222383813300225
951222387844042752
951222391190962176
951222394659753985
951222392054886400
951222398812073984
951222392054886400
951222410514182145
951222413353775104
951222413689344000
951222423684374529
951222435763970051
951222438557245440
951222445066936320
951222448279703552
951222451907825665
951222456760586241
951222459398803456
951222459503554561
951222464297582592
951222468987052032
951222471163809793
951222478872940544
951222484359098368
951222493687271426
951222495587205120
951222494865842176
951222498011459584
951222501123772416
951222507423617024
951222514813980672
951222516336312320
951222518744080384
951222525731704834
951222525874397186
951222535328280578
951222540697001984
951222547789615110
951222548104208385
951222548049645568
951222549945442304
951222549383467014
951222554055753728
951222562440253440
951222566395330560
951222568538787840
951222570212212736
951222574163341312
951222574050144256
951222574402457601
951222574926782465
951222576461811712
951222579448111104
951222583399104512
951222590235914246
951222593515909120
951222599165595648
951222600025305088
951222600692355072
951222605658419201
951222617670803456
951222618958438400
951222619608616960
951222623861526528
951222624272637952
951222627418365952
951222627233800193
951222631407079426
951222632636211200
951222632871088134
951222640416624640
951222642127773696
951222643428151296
951222649258168323
951222650684301314
951222651917389827
951222651997118465
951222655440605184
951222655683911681
951222658640809985
951222662944231429
951222664659656705
951222667591520259
951222667545255936
951222667834687488
951222670233874432
923697752319541248
923697753821134849
923697756744454144
923697757390438400
923697758040604672
923697760976515072
923697760607469573
923697763967164416
923697767377133569
923697768224264192
923697769973350400
923697769793036288
923697772401868801
923697775472123904
923697781352513536
923697791121088512
923697793616691201
923697795441213440
923697800457494528
923697803875848192
923697804572110848
923697810121166850
923697812109275138
923697819411628032
923697820594446336
923697825476624384
923697826399371264
923697827364052993
923697829092007937
923697830455271424
923697834183999488
923697841620402176
923697841435942913
923697854689898496
923697855721652224
923697856166240256
923697856296370176
923697857189765120
923697857483309057
923697860473905152
923697862843576321
923697876198293505
923697879176290304
923697880208089088
923697891872448512
923697893617184768
923697896754634752
923697900609183744
923697906275594240
923697907236093952
923697908834123776
923697909052317696
923697910419668994
923697911182983168
923697913544318976
923697915733852160
923697917314998272
923697917860253697
923697918908833792
923697920146149377
923697921257717763
923697921870069761
923697928492818434
923697936990593024
923697937107992578
923697938760548352
923697939813343232
923697943575539712
923697945018490886
923697951255314432
923697953427959808
923697954476638208
923697958054346752
923697958733754368
923697958444457984
923697961195814914
923697964660301824
923697975938883584
923697984331583488
923697984851734528
923697985162133504
923697986793639936
923697988408557569
923698006834143232
923698007664574466
923698008352362497
923698007115046913
923698008851562496
923698013792432129
923698014480240640
923698024211025920
923698027168129024
923698027067404288
923698028707422208
923698035405680640
923698040346517504
923698042414424064
923698043735613440
923698046357008384
923698059279605760
923698063021031424
923698065789165568
923698067261419521
923698069287272448
923698069455085569
923698080876183552
923698086186180608
923698090111942657
922514723404382210
922514724046233600
922514724478218241
922514724406906884
922514726084665344
922514739841732608
922514738818326528
922514750575128577
922514751044964352
922514761572585472
922514773878755331
922514781361205248
922514789284368384
922514792195207168
922514793814036480
922514795995246593
922514798541144064
922514811514228737
922514824726278144
922514826831761408
922514828878630912
922514829688090624
922514834276708354
922514851905265664
922514855046860800
922514855772307457
922514857555120134
922514859077570562
922514864026869761
922514864307888128
922514883677229056
922514883664420864
922514896767549441
922514902790688769
922514904145215489
922514913066590208
922514918313689089
922514918712242176
922514919509168129
922514922432552960
922514922931671040
922514929386651648
922514931928399878
922514932259631104
922514938920341505
922514941273346048
922514941298561024
922514956297236480
922514960395259905
922514961586368512
922514968611835906
922514969886736385
922514970662899713
922514970444566528
922514974970441729
922514975129616384
922514987876306944
922514990011052033
922514989902188544
922515005182038018
922515007035686913
922515017215422467
922515017710428165
922515024626749446
922515024853327874
922515025184677888
922515026686201856
922515031488716800
922515034688720896
922515035896930304
922515036131807232
922515038879076353
922515045472497664
922515049528340483
922515053634449408
922515057292075008
922515059481501696
922515073007992832
922515074224402433
922515078506799105
922515080641765377
922515084957683712
922515084819046400
922515086685753351
922515094302527490
922515096139718657
922515099180523522
922515099159597058
922515100816330753
922515101969723394
922515103718580229
922515104389828608
922515088619200512
922515113944469504
922515117841018883
922515118075850752
922515121146036224
922515133498384384
922515147830198272
922515150606712835
922515154297798656
922515159284944902
922515160186601473
922515161398816768
922515165622480898
922515169481232389
922515170160775168
922515171414806528
922515175193767936
922515183976644608
922515190998097923
922515196500938752
922515200137449473
922515207133462529
922515209222279168
922515211759882240
922515211613102082
922515213685022721
922515222925070336
922515223252156417
922515220475637762
922515230202220545
922515235721961478
922515220634910720
922515247352766466
922515248854306817
922515254181023747
922515260107567105
922515267183198208
922515273277612037
922515280986890240
922515284866621440
922515286879764480
922515286343016449
922515287609626629
922515291296411649
922515293619945472
922515295239012357
922515299466801152
922515303682097152
922515307658391552
922515310443466759
922515312058163200
922515315262713857
922515319796699136
922515329451986944
922515331469463553
922515331016544256
922515334292262912
922515335282151424
922515339115503617
922515342852702208
922515343117049856
922515344446640130
922515353032372224
922515356060667905
922515360032595968
922515367129468928
922515374163103744
922515377396912128
922515381708906496
922515384271589377
922515394534940672
922515402680340480
922515403246592001
922515405528281090
922515386712580096
922515387844931589
922515413182963712
922515414436937728
922515419197472770
922515422921895936
922515423958093826
922515426457849859
922515426516627456
922515431625297920
922515433147703296
922515436071243776
922515450424168450
922515456057053184
922515463703224320
922515464311500802
922515465066418177
922515467188752384
922515468115677184
922515471571800066
922515471798231040
922515470023933953
922515473819938816
922515474071482368
922515473346023424
922515474285346816
922515479574429696
922515483110162433
922515482766430211
922515485102444544
922515489456345088
922515490454487041
922515494233608192
922515497392005122
922515498545352704
922515500445270017
922515505155424260
922515505742618624
922515509786001408
922515510666727424
922515512113774592
922515511459700736
922515517902147584
922515520674508800
922515524763955200
922515526324191233
922515534045904896
922515536118013955
922515545794195457
922515552622530562
922515554002489345
922515555755741190
922515555998867456
922515556477165568
922515557924200448
922515566128230400
922515574185517057
922515575699623936
922515579310878720
922515582691373056
922515584700559361
922515587858706432
922515588647346176
922515597191254018
922515601096142848
922515601603604480
922515602853347329
922515605290405889
922515608033464320
922515604451483648
922515615520378880
922515615948165120
922515626425495553
922515626308104193
922515628245880833
922515635569152002
922515636990787584
922515641474732033
922515649204699137
922515649620074496
922515650873933834
922515652132225026
922515656817434624
922515657324888069
922515658209980419
922515659589857280
922515666959089664
922515670645882886
922515672973930496
922515675696041984
922515680246816775
922515686487986176
922515687951577088
922515690774462466
922515691911155712
922515693840556032
922515695526653952
922515699129561088
922515707169882112
922515714359017472
922515714841432064
1026547413564055552
1026547416684670977
1026547420073607168
1026547426478317568
1026547426453123073
1026547426507681793
1026547428072148992
1026547429791780864
1026547430353850368
1026547435705839616
1026547435294810112
1026547439115718656
1026547440218923008
1026547440881623041
1026547442504724480
1026547445822500866
1026547445851873280
1026547448611713025
1026547449983168512
1026547449911865344
1026547452222955520
1026547454320103424
1026547455934980096
1026547457113505794
1026547457386151936
1026547458338246657
1026547459290349569
1026547460099850241
1026547460091441153
1026547461492420608
1026547461005819905
1026547463539154944
1026547462817771520
1026547468928864256
1026547469184720896
1026547472653475841
1026547466949120000
1026547479712419840
1026547481113321472
1026547483193692161
1026547484074508288
1026547487044034560
1026547489036427264
1026547487677472770
1026547492307984384
1026547493033504768
1026547493264211969
1026547491313934336
1026547497026514945
1026547497294946304
1026547500444934144
1026547500432281600
1026547501036265472
1026547505482223616
1026547510662197250
1026547515921817600
1026547520401362945
1026547521856856064
1026547522855034880
1026547523178061825
1026547527716286465
1026547528081104896
1026547527103832064
1026547529192620034
1026547529410699264
1026547528546705408
1026547530975272961
1026547534519398401
1026547534947266560
1026547535345668097
1026547537124048896
1026547538067828736
1026547538382401536
1026547540563349504
1026547541159030784
1026547543054770176
1026547543071576065
1026547543310721024
1026547545567154176
1026547546104033280
1026547550684241921
1026547551384657920
1026547551632125952
1026547552177422336
1026547553209180160
1026547554949914625
1026547558057832448
1026547558846349312
1026547559131574272
1026547561212010499
1026547568271011840
1026547570867195905
1026547572855332864
1026547573497061376
1026547576663814144
1026547576525414407
1026547577339097089
1026547577787830272
1026547578609917953
1026547579490787328
1026547578811252737
1026547579847245824
1026547580602183681
1026547580644220928
1026547581797584897
1026547583122989056
1026547587229204481
1026547587858362368
1026547587975766016
1026547588491751425
1026547589166948352
1026547588990885890
1026547589305393152
1026547589108228096
1026547596750348288
1026547600659378176
1026547604891398145
1026547604811698176
1026547606321750016
1026547607072530433
1026547607546486787
1026547608393678850
1026547608909533184
1026547609400295424
1026547612164321280
1026547612827115520
1026547613535858689
1026547614848700416
1026547617809936386
1026547620381057024
1026547622402617344
1026547622822072321
1026547623711240192
1026547628413136896
1026547630820679680
1026547630950703104
1026547631953072128
1026547631881777152
1026547634423484416
1026547634222260226
1026547636784914432
1026547638575947777
1026547639158956032
1026547639683244032
1026547640161325056
1026547640849162240
1026547642086486016
1026547642497622017
1026547644213092353
1026547644166856704
1026547644301074432
1026547645869768704
1026547648503767040
1026547648872964097
1026547650747723777
1026547651649519618
1026547656825262080
1026547657508978688
1026547658129723392
1026547659887140864
1026547659887108096
1026547664328904706
1026547667101306880
1026547667688546304
1026547668485529603
1026547668657434626
1026547669894746112
1026547675477336064
1026547682435686400
1026547683836616706
1026547685468196864
1026547686344773632
1026547686801997826
1026547688282542080
1026547688207147008
1026547688966250496
1026547691063394304
1026547692506243072
1026547693785571329
1026547694406225923
1026547694465036289
1026547694427226112
1026547696172068864
1026547699292692481
1026547699812786179
1026547700219568128
1026547699879821312
1026547701431693312
1026547703306539008
1026547706238365696
1026547710046887938
1026547712894820352
1026547714161405952
1026547714631204864
1026547716065640448
1026547713293266947
1026547716610912256
1026547719060385792
1026547722151575555
1026547722554208257
1026547722659098625
1026547724911439872
1026547724793991168
1026547728673792000
1026547728807915520
1026547729512652801
1026547730422714369
1026547731882434561
1026547721136525312
1026547735711821826
1026547737741803520
1026547739109163009
1026547740061233153
1026547740514246656
1026547744062636032
1026547744373071878
1026547745258070017
1026547749536194562
1026547752157601792
1026547753378242560
1026547753810255873
1026547756309987328
1026547759556354049
1026547763289321473
1026547764908314624
1026547765013184512
1026547771774365701
1026547772214792192
1026547775008256001
1026547776207839233
1026547776690184192
1026547777176629248
1026547778011320320
1026547779173199872
1026547779730989058
1026547783023583232
1026547783421984769
1026547783380004864
1026547783644241921
1026547786316042240
1026547786861371392
1026547787083669504
1026547788631265280
1026547791709929473
1026547793345695744
1026547796487299072
1026547798173396993
1026547798991298560
1026547802745126912
1026547803135172610
1026547803529469952
1026547803957252097
1026547807115665409
1026547807807655936
1026547808025735168
1026547808206110720
1026547809326051328
1026547812358443008
1026547813381881857
1026547813444775936
1026547814937985024
1026547816217235456
1026547816351522819
1026547817240616960
1026547820923244545
1026547823033036800
1026547824366768128
1026547824664535040
1026547824580648960
1026547826510127107
1026547830884687873
1026547831153160193
1026547832302387202
1026547835523588096
1026547841320157184
1026547842012262405
1026547844864327680
1026547847838162946
1026547847880105984
1026547848035221504
1026547855484284928
1026547856729989120
1026547858600734720
1026547860622331907
1026547860232273920
1026547861058535425
1026547866817388546
1026547867043786753
1026547868293771269
1026547869392633858
1026547869870768128
1026547872206999552
1026547873406566401
1026547875042324481
1026547876485259264
1026547878406176768
1026547879563804672
1026547882214678530
1026547884836106241
1026547884739649536
1026547885624647683
1026547889772716032
1026547899499405312
1026547910412984320
1026547912531009536
1026547914053578752
1026547914615676930
1026547916821880833
1026547917740376065
1026547920051396610
1026547923096559617
1026547923536896000
1026547923583041537
1026547924505776128
1026547924384149504
1026547925298466816
1026547927693451264
1026547928670777344
1026547929807433730
1026547931615096832
1026547933108350976
1026547931568959488
1026547938896433152
1026547939630505984
1026547940708442112
1026547941488517120
1026547950929862656
1026547951730978816
1026547952326561793
1026547954075688960
1026547954385969152
1026547955090653185
1026547957481451520
1026547963424727040
1026547967207952385
1026547965488377856
1026547971368742913
1026547972887068673
1026547973419819009
1026547974938157057
1026547975332327424
1026547975323959296
1026547975504293888
1026547976196390912
1026547976234127361
1026547976620007424
1026547979241512960
1026547979153338368
1026547974212440064
1026547980550041600
1026547981766414336
1026547982961860611
1026547984148779008
1026547986011107329
1026547987764338690
1026547989366501376
1026547993145630728
1026547994290573313
1026547997717348352
1026547997549588480
1026548000619782145
1026548001387335680
1026548001701908480
1026548002469474305
1026548003430064128
1026548002310115328
1026548005342597121
1026548008089923585
1026548008656109568
1026548009658605574
1026548010568708096
1026548010749124609
1026548010551992321
1026548013211082752
1026548012976234497
1026548018726592512
1026548019951366144
1067247512011108352
1067247512170504192
1067247514187849728
1067247515840311296
1067247516112961536
1067247517400817665
1067247518688440321
1067247520743608320
1067247520487628803
1067247520911409152
1067247523759304704
1067247524166033408
1067247524262674437
1067247525437018112
1067247525801803778
1067247526158393345
1067247529333424128
1067247529811685377
1067247529689935872
1067247531531411456
1067247532701638657
1067247532592545792
1067247533762768896
1067247534073106434
1067247534412873730
1067247535289393152
1067247536728084480
1067247536954662914
1067247537004969985
1067247537994850304
1067247540192473088
1067247540779671552
1067247540549111813
1067247541484314625
1067247541794693120
1067247541685604352
1067247543162155008
1067247543229317121
1067247543854096384
1067247544294625280
1067247544324026372
1067247544336609282
1067247544781029376
1067247545334812675
1067247546349862912
1067247546807058432
1067247546798612480
1067247545972211712
1067247548371488768
1067247548283277313
1067247548727873536
1067247548941914112
1067247550455930880
1067247550980227073
1067247551651504128
1067247552330895361
1067247552557445120
1067247553417281536
1067247553694113792
1067247554021269504
1067247554730037248
1067247557586419712
1067247557364068352
1067247557976489984
1067247558425276416
1067247559377326086
1067247561629609984
1067247562179063808
1067247563282284544
1067247562728632321
1067247563571691520
1067247564141940736
1067247564662149121
1067247565194825729
1067247565979217921
1067247567233261568
1067247567732465664
1067247569061859328
1067247569510772739
1067247571503120385
1067247572304064512
1067247572450975744
1067247572685869056
1067247573491056641
1067247574581723137
1067247574929821696
1067247577337335813
1067247578209763328
1067247578020950016
1067247579853926401
1067247581259010054
1067247580894060544
1067247583372984320
1067247583817592832
1067247584694214656
1067247584618704897
1067247584509489152
1067247584643821568
1067247584836837377
1067247586137030656
1067247585855967235
1067247586124472320
1067247586149629954
1067247587571445762
1067247589559431168
1067247590239072256
1067247590931087360
1067247590268391424
1067247591241375745
1067247591677730816
1067247592906600448
1067247593615491074
1067247593753903104
1067247594017976321
1067247596429701120
1067247596694118400
1067247596446466048
1067247598317289472
1067247598359072769
1067247599932063744
1067247600003207173
1067247602465333248
1067247602821824512
1067247602784190465
1067247603836841984
1067247606391132160
1067247607192244225
1067247607582478336
1067247607724949504
1067247608312332288
1067247608794505216
1067247609272827906
1067247611445460994
1067247611550334976
1067247613978783744
1067247614913990656
1067247615874613248
1067247616847679488
1067247617376247810
1067247618210885634
1067247618642849792
1067247621075390464
1067247621121560576
1067247623831117825
1067247625588617216
1067247624988831749
1067247625596891136
1067247625974484992
1067247626830016512
1067247627274641409
1067247628230901762
1067247629287989248
1067247629912891392
1067247630496014338
1067247630604881920
1067247632635047936
1067247633364918272
1067247634426011649
1067247635428515841
1067247635998752769
1067247639136219136
1067247639165456384
1067247640394424320
1067247641048870912
1067247641917042690
1067247643003420672
1067247643070320640
1067247644890689539
1067247645440258048
1067247649001230336
1067247649114357761
1067247651081674752
1067247650532089856
1067247650582552578
1067247651278778370
1067247651731591168
1067247651261865986
1067247652797071360
1067247654223065088
1067247654864793600
1067247655892516864
1067247656412446720
1067247657024839680
1067247657213665280
1067247657524109312
1067247657641340928
1067247657943474176
1067247658144854016
1067247657716977665
1067247658966941697
1067247658891427842
1067247659134722048
1067247659344429057
1067247659851739136
1067247660292366336
1067247663886860288
1067247665585344512
1067247666113982465
1067247668597010432
1067247669423337472
1067247672271273985
1067247673281921025
1067247673965780992
1067247674137739264
1067247673902718976
1067247675353886720
1067247677140721664
1067247677568688128
1067247677434408962
1067247679850319873
1067247680219480064
1067247682316627968
1067247684216590336
1067247684099235840
1067247684992397312
1067247685428637696
1067247686821310464
1067247687924359168
1067247688700301318
1067247689694294016
1067247691296645123
1067247692387098624
1067247692592619520
1067247692617785345
1067247696153460736
1067247697860583424
1067247699391475712
1067247700742209536
1067247700750540800
1067247701098721280
1067247701614575617
1067247702029844480
1067247702075981824
1067247702298296322
1067247703174725632
1067247703615135749
1067247703829155840
1067247706177921024
1067247706891005952
1067247708572868608
1067247711009693696
1067247711504744449
1067247711743700993
1067247712289124352
1067247713278820352
1067247718425276416
1067247719503269888
1067247720031674368
1067247720635744263
1067247721738715136
1067247722170916864
1067247722397192193
1067247722409992192
1067247723072692224
1067247724171538432
1067247724419055616
1067247727040323584
1067247727199862784
1067247728374226944
1067247728852389888
1067247729829531648
1067247730437865472
1067247730823712774
1067247732266418177
1067247732212072449
1067247733264789504
1067247734317568005
1067247734791565313
1067247735106084865
1067247734879657984
1067247735022206977
1067247736154554369
1067247736783695872
1067247737668845575
1067247738998403072
1067247739128360960
1067247740126662656
1067247740718067712
1067247741540098049
1067247742827802624
1067247742806880256
1067247744199213056
1067247744065069056
1067247744597876736
1067247746933870592
1067247747139584000
1067247747567218688
1067247747621892098
1067247750037819394
1067247750432153600
1067247750582956032
1067247751270944768
1067247751887376385
1067247752206110720
1067247752755757056
1067247753460367360
1067247753250562048
1067247753741381632
1067247754337034240
1067247756719390721
1067247757176369152
1067247757558202369
1067247758665490432
1067247758778793984
1067247760599105537
1067247761588838400
1067247762088046592
1067247763275071488
1067247763073757190
1067247764088782849
1067247764457865216
1067247764134739968
1067247764919054336
1067247766399791105
1067247766584377344
1067247766735372288
1067247767175737344
1067247767611936768
1067247768098488320
1067247767851012101
1067247768287100928
1067247768543117312
1067247770040381440
1067247770254352384
1067247772003418112
1067247772477386752
1067247772749881344
1067247773043445760
1067247773253197825
1067247774025084928
1067247775081992192
1067247775564398593
1067247775455227904
1067247777237819392
1067247777199968257
1067247778093391872
1067247779439931392
1067247779515432960
1067247783432867840
1067247784829476865
1067247785928470530
1067247786222075904
1067247787094491136
1067247787761459200
1067247787962642432
1067247789078269952
1067247789648764929
1067247790005329922
1067247791213285384
1067247792442105856
1067247793687777280
1067247794803552256
1067247795768344576
1067247796829343745
1067247797768937473
1067247798331027457
1067247799325138944
1067247801178873856
1067247802391003136
1067247803750068225
1067247803703992320
1067247803888488449
1067247804605620224
1067247805071269889
1067247805939556352
1067247806207979520
1067247806249725952
1067247807235534848
1067247807327846400
1067247807575351296
1067247808208621569
1067247808749674496
1067247812080009216
1067247813124329472
1067247813120024576
1067247814571253761
1067247816928456704
1067247818375602177
1067247819319402497
1067247819365343232
1067247818459553792
1067247821630382086
1067247823278809089
1067247823421198337
1067247823782117377
1067247824008470528
1067247824352542722
1067247825342349314
1067247828332773377
1067247829251309568
1067247831625347072
1067247832418185221
1067247833215102977
1067247832514551814
1067247835018477568
1067247835752488961
1067247836125900800
1067247837501505536
1067247838420246530
1067247839728816128
1067247839972130817
1067247840257142784
1067247840328527872
1067247842132193280
1067247842669051904
1067247843327528961
1067247844220915712
1067247845911207937
1067247845873524737
1067247845785382913
1067247846154473474
1067247847899312128
1067247847853174789
1067247849019187200
1067247850483081216
1067247850889928704
1067247850948415488
1067247851237986304
1067247854341840897
1067247856552165376
1067247857256648704
1067247857416069121
1067247857827291137
1067247858972327941
1067247859022602240
1067247859060416512
1067247860108984320
1067247860310319104
1067247861295771648
1067247862419992578
1067247862579412992
1067247863833526272
1067247864009670656
1067247865125232640
1067247865549021185
1067247866127630336
1067247866043871232
1067247866463379457
1067247866589167616
1067247866882732032
1067247867943776256
1067247870452133888
1067247871060267010
1067247872146644993
1067247872977059841
1067247872977104896
1067247873232900097
1067247874810015744
1067247876454137856
1067247877175562248
1067247877326438400
1067247879125757952
1067247880425984000
1067247880904290304
1067247881432776704
1067247881487290369
1067247882280075267
1067247883475460096
1067247883672608768
1067247884603543553
1067247884779700224
1067247885077467136
1067247885555765248
1067247887992516608
1067247888189640704
1067247888957349889
1067247889561280512
1067247890865799168
1067247891205562368
1067247890987458560
1067247891452899328
1067247891855609856
1067247892493201409
1067247893449453568
1067247892874842113
1067247894519078912
1067247894460342272
1067247895005601792
1067247894846218241
1067247896758611968
1067247897299877888
1067247897736069121
1067247898541400064
1067247898411323392
1067247899010973696
1067247900227395584
1067247901972279296
1067247902668525568
1067247902286852096
1067247903121453056
1067247905524736000
1067247905805922304
1067247906716114944
1067247907286462465
1067247907915497472
1067247909937152000
1067247910000254976
1067247910360924163
1067247910411255808
1067247911216517120
1067247912495722496
1067247912860565504
1067247914651713537
1067247916069412864
1067247916866314240
1067247918745362433
1067247920888590336
1067247921077334020
1067247922918682624
1067247924466327553
1067247924545957888
1067247926034915328
1067247926290726912
1067247929528745985
1067247930090745857
1067247931076616192
1067247931512762369
1067247932150296577
1067247933869838337
1067247934486528001
1067247935686103041
1067247936097185794
1067247936638205952
1067247937904771072
1067247938810851329
1067247938928300032

